0.122667 0.096000 0.132049 0.123951 0.138667 0.160000 0.133333 0.160000 0.168000 0.160000 
 
0.141333 0.184000 0.125333 
0.061333 0.149333 0.098667 0.131645 0.159022 0.149333 0.157333 0.055142 0.142191 NaN 0.061568 0.117333 0.154667 0.152000 NaN NaN 0.130667 0.149333 0.161388 
0.101333 0.104000 0.181333 0.149333 0.098667 
0.077333 0.122667 0.136000 
0.114667 0.104000 0.088000 0.152000 0.109333 0.130667 0.154690 0.114643 0.174293 0.001707 0.000000 0.000000 0.000000 0.000000 0.000000 0.000000 
0.066667 0.077333 0.000000 0.000000 0.000000 0.000000 0.000000 0.000000 0.000000 0.000000 0.000000 0.000000 0.000000 0.000000 0.000000 0.000000 0.000000 0.000000 0.000000 0.000000 
0.168000 0.144000 0.114667 0.168000 0.173333 0.189333 0.130667 0.189333 0.149333 0.109333 0.138408 0.146926 0.141333 0.136000 0.065904 NaN NaN NaN NaN NaN NaN NaN 
0.130667 0.162667 0.168000 0.176000 0.123179 0.156821 0.117333 0.144000 0.157333 
0.120000 0.154667 0.122667 0.144115 0.002497 0.000055 0.000000 0.000000 0.000000 0.000000 0.000000 0.000000 0.000000 0.000000 0.000000 0.000000 0.000000 0.000000 0.000000 0.000000 0.000000 
0.130667 
0.120193 0.095807 0.128000 0.112000 0.123371 0.095296 0.181333 0.106667 0.128000 
0.146011 0.152655 0.168000 
0.083126 0.125202 0.181005 
0.120000 0.136000 0.162667 0.127868 
0.010667 0.000000 0.000000 0.000000 0.000000 0.000000 0.000000 0.000000 0.000000 0.000000 0.000000 0.000000 0.000000 0.000000 0.000000 0.000000 0.000000 0.000000 0.000000 0.000000 0.000000 0.000000 0.000000 
0.157333 0.136000 0.162667 0.146667 0.032539 NaN NaN 
0.128000 0.149333 0.138148 0.117852 0.168000 0.138667 0.085661 0.058339 0.157333 NaN NaN NaN NaN 
0.128000 
